282.050,7335.000,4247.000,3440.000,3003.000,2668.000
283.933,7399.000,4255.000,3439.000,3024.000,2712.000
285.818,7161.000,4279.000,3377.000,2915.000,2675.000
287.700,7236.000,4284.000,3409.000,2971.000,2682.000
289.584,7362.000,4215.000,3419.000,2951.000,2714.000
291.465,7380.000,4389.000,3514.000,3062.000,2729.000
293.346,7509.000,4328.000,3501.000,3046.000,2726.000
295.229,7371.000,4321.000,3547.000,3060.000,2688.000
297.109,7330.000,4300.000,3474.000,2960.000,2709.000
298.991,7306.000,4280.000,3495.000,2971.000,2687.000
300.870,7562.000,4338.000,3580.000,3050.000,2760.000
302.749,7522.000,4409.000,3534.000,3041.000,2839.000
304.630,7588.000,4389.000,3532.000,3054.000,2795.000
306.508,7503.000,4398.000,3614.000,3056.000,2767.000
308.388,7550.000,4384.000,3522.000,3058.000,2774.000
310.266,7407.000,4356.000,3466.000,3031.000,2746.000
312.143,7465.000,4351.000,3553.000,3089.000,2746.000
314.022,7622.000,4471.000,3627.000,3088.000,2795.000
315.898,7691.000,4481.000,3482.000,3080.000,2792.000
317.776,7589.000,4422.000,3552.000,3124.000,2824.000
319.652,7467.000,4306.000,3483.000,3034.000,2772.000
321.527,7409.000,4416.000,3484.000,3071.000,2671.000
323.404,7473.000,4373.000,3504.000,3062.000,2789.000
325.279,7482.000,4427.000,3561.000,3066.000,2792.000
327.155,7605.000,4373.000,3567.000,3095.000,2779.000
329.029,7525.000,4400.000,3473.000,3130.000,2729.000
330.902,7445.000,4311.000,3508.000,3051.000,2728.000
332.777,7421.000,4335.000,3443.000,3057.000,2720.000
334.650,7446.000,4286.000,3519.000,3044.000,2727.000
336.524,7550.000,4363.000,3481.000,3099.000,2806.000
338.396,7539.000,4426.000,3624.000,3068.000,2734.000
340.267,7638.000,4463.000,3519.000,3078.000,2752.000
342.140,7503.000,4334.000,3466.000,3063.000,2722.000
344.011,7335.000,4336.000,3495.000,3047.000,2731.000
345.883,7517.000,4379.000,3496.000,3029.000,2719.000
347.753,7606.000,4429.000,3608.000,3057.000,2794.000
349.623,7645.000,4452.000,3627.000,3081.000,2769.000
351.494,7436.000,4440.000,3501.000,3018.000,2749.000
353.363,7562.000,4317.000,3554.000,3011.000,2698.000
355.233,7578.000,4404.000,3518.000,3019.000,2837.000
357.101,7607.000,4387.000,3575.000,3158.000,2811.000
358.969,7611.000,4522.000,3589.000,3104.000,2778.000
360.838,7600.000,4565.000,3592.000,3099.000,2797.000
362.705,7734.000,4415.000,3543.000,3086.000,2788.000
364.574,7526.000,4412.000,3521.000,3072.000,2794.000
366.440,7595.000,4329.000,3525.000,3080.000,2781.000
368.306,7571.000,4341.000,3545.000,3087.000,2793.000
370.173,7704.000,4468.000,3572.000,3165.000,2799.000
372.038,7767.000,4567.000,3581.000,3115.000,2770.000
373.905,7701.000,4418.000,3621.000,3137.000,2825.000
375.769,7719.000,4426.000,3490.000,3058.000,2794.000
377.633,7542.000,4369.000,3556.000,3160.000,2830.000
379.499,7686.000,4399.000,3563.000,3104.000,2780.000
381.362,7783.000,4518.000,3666.000,3170.000,2831.000
383.226,7757.000,4543.000,3661.000,3187.000,2833.000
385.089,7870.000,4659.000,3612.000,3118.000,2842.000
386.951,7725.000,4498.000,3579.000,3140.000,2829.000
388.815,7731.000,4486.000,3573.000,3156.000,2775.000
390.676,7857.000,4480.000,3655.000,3146.000,2835.000
392.539,7953.000,4574.000,3666.000,3214.000,2961.000
394.399,7884.000,4627.000,3650.000,3232.000,2888.000
396.261,7903.000,4545.000,3686.000,3195.000,2879.000
398.121,7871.000,4534.000,3696.000,3264.000,2892.000
399.980,7762.000,4570.000,3620.000,3141.000,2873.000
401.841,7831.000,4526.000,3697.000,3308.000,2895.000
403.700,7999.000,4638.000,3813.000,3298.000,2903.000
405.560,8038.000,4656.000,3732.000,3260.000,2932.000
407.418,8083.000,4600.000,3677.000,3257.000,2919.000
409.276,7955.000,4729.000,3731.000,3219.000,2916.000
411.135,7939.000,4631.000,3679.000,3220.000,2839.000
412.991,7880.000,4580.000,3731.000,3282.000,2916.000
414.850,8142.000,4637.000,3766.000,3352.000,2975.000
416.706,8119.000,4728.000,3747.000,3324.000,2936.000
418.561,8175.000,4674.000,3750.000,3236.000,2948.000
420.419,8035.000,4701.000,3794.000,3195.000,2950.000
422.274,7989.000,4677.000,3773.000,3239.000,2932.000
424.130,8044.000,4667.000,3761.000,3227.000,2942.000
425.984,8210.000,4782.000,3841.000,3333.000,3002.000
427.838,8371.000,4713.000,3819.000,3335.000,3057.000
429.693,8256.000,4834.000,3816.000,3315.000,2969.000
431.546,8100.000,4771.000,3836.000,3267.000,2929.000
433.401,8158.000,4755.000,3799.000,3186.000,2958.000
435.253,8098.000,4704.000,3771.000,3340.000,2986.000
437.105,8284.000,4758.000,3855.000,3351.000,2990.000
438.959,8307.000,4818.000,3860.000,3327.000,3083.000
440.810,8320.000,4881.000,3906.000,3365.000,2986.000
442.662,8266.000,4813.000,3898.000,3342.000,2999.000
444.513,8257.000,4764.000,3879.000,3300.000,2986.000
446.363,8164.000,4736.000,3815.000,3344.000,3036.000
448.215,8279.000,4840.000,3865.000,3407.000,3030.000
450.064,8479.000,4890.000,3901.000,3443.000,3009.000
451.915,8361.000,4887.000,3900.000,3315.000,3025.000
453.763,8486.000,4927.000,3915.000,3366.000,3077.000
455.611,8421.000,4876.000,3823.000,3306.000,3011.000
457.461,8354.000,4919.000,3881.000,3347.000,3023.000
459.308,8548.000,4959.000,3910.000,3353.000,3030.000
461.158,8586.000,4955.000,3974.000,3442.000,3088.000
463.004,8645.000,4920.000,3962.000,3427.000,3068.000
464.850,8575.000,5013.000,3908.000,3467.000,3088.000
466.698,8494.000,4884.000,3958.000,3384.000,3047.000
468.544,8399.000,4899.000,3965.000,3378.000,3037.000
470.391,8521.000,4980.000,4000.000,3394.000,3109.000
472.236,8677.000,5014.000,3979.000,3498.000,3097.000
474.080,8746.000,5020.000,4009.000,3462.000,3149.000
475.926,8687.000,5002.000,4017.000,3451.000,3136.000
477.770,8601.000,5032.000,4058.000,3513.000,3144.000
479.615,8497.000,4971.000,3974.000,3456.000,3068.000
481.458,8667.000,5053.000,3927.000,3578.000,3097.000
483.301,8761.000,5098.000,4070.000,3508.000,3214.000
485.145,8784.000,5110.000,4016.000,3532.000,3191.000
486.987,8753.000,5077.000,4089.000,3461.000,3110.000
488.830,8659.000,5049.000,4022.000,3513.000,3129.000
490.671,8491.000,5027.000,4005.000,3487.000,3128.000
492.512,8719.000,4968.000,4048.000,3466.000,3172.000
494.354,8882.000,5121.000,4070.000,3539.000,3159.000
496.194,8751.000,5084.000,4187.000,3558.000,3198.000
498.036,8795.000,5085.000,4120.000,3600.000,3152.000
499.875,8789.000,5123.000,4081.000,3494.000,3131.000
501.714,8817.000,5090.000,4055.000,3505.000,3176.000
503.555,8779.000,5059.000,4119.000,3501.000,3131.000
505.393,8873.000,5210.000,4124.000,3603.000,3198.000
507.232,8979.000,5196.000,4114.000,3596.000,3293.000
509.070,8982.000,5169.000,4158.000,3573.000,3178.000
510.907,8952.000,5213.000,4171.000,3599.000,3243.000
512.745,8855.000,5131.000,4095.000,3585.000,3161.000
514.582,8772.000,5143.000,4130.000,3612.000,3158.000
516.420,8988.000,5294.000,4186.000,3605.000,3308.000
518.255,9274.000,5318.000,4231.000,3632.000,3253.000
520.090,9081.000,5240.000,4222.000,3578.000,3240.000
521.927,9083.000,5290.000,4243.000,3677.000,3293.000
523.762,8931.000,5121.000,4189.000,3574.000,3224.000
525.598,9091.000,5159.000,4178.000,3570.000,3191.000
527.431,9080.000,5334.000,4234.000,3679.000,3267.000
529.265,9270.000,5299.000,4236.000,3683.000,3281.000
531.100,9264.000,5341.000,4263.000,3715.000,3348.000
532.932,9197.000,5320.000,4262.000,3701.000,3325.000
534.766,9055.000,5360.000,4244.000,3677.000,3254.000
536.598,9170.000,5201.000,4186.000,3652.000,3321.000
538.430,9235.000,5312.000,4286.000,3701.000,3306.000
540.263,9311.000,5371.000,4370.000,3722.000,3283.000
542.094,9289.000,5366.000,4308.000,3687.000,3325.000
543.926,9278.000,5378.000,4240.000,3675.000,3303.000
545.756,9206.000,5297.000,4218.000,3684.000,3319.000
547.586,9139.000,5293.000,4240.000,3718.000,3300.000
549.417,9299.000,5401.000,4226.000,3675.000,3306.000
551.246,9551.000,5440.000,4401.000,3749.000,3375.000
553.076,9336.000,5378.000,4300.000,3719.000,3304.000
554.904,9452.000,5508.000,4323.000,3803.000,3287.000
556.732,9419.000,5442.000,4329.000,3702.000,3388.000
558.562,9302.000,5296.000,4334.000,3656.000,3300.000
560.389,9341.000,5377.000,4276.000,3764.000,3303.000
562.218,9581.000,5541.000,4445.000,3824.000,3431.000
564.044,9473.000,5429.000,4433.000,3840.000,3431.000
565.870,9516.000,5490.000,4360.000,3760.000,3439.000
567.697,9464.000,5531.000,4363.000,3774.000,3312.000
569.523,9312.000,5333.000,4287.000,3742.000,3269.000
571.350,9472.000,5400.000,4283.000,3730.000,3364.000
573.174,9671.000,5478.000,4415.000,3850.000,3366.000
574.998,9610.000,5574.000,4435.000,3864.000,3364.000
576.824,9747.000,5544.000,4443.000,3803.000,3411.000
578.647,9553.000,5607.000,4437.000,3875.000,3429.000
580.473,9488.000,5530.000,4431.000,3804.000,3373.000
582.295,9501.000,5498.000,4419.000,3731.000,3368.000
584.117,9698.000,5622.000,4528.000,3869.000,3445.000
585.941,9806.000,5646.000,4493.000,3875.000,3401.000
587.763,9785.000,5701.000,4537.000,3955.000,3457.000
589.586,9792.000,5658.000,4511.000,3857.000,3471.000
591.407,9782.000,5593.000,4418.000,3845.000,3482.000
593.228,9528.000,5608.000,4393.000,3824.000,3479.000
595.050,9775.000,5708.000,4536.000,3932.000,3463.000
596.870,9825.000,5652.000,4526.000,3886.000,3500.000
598.691,9870.000,5656.000,4495.000,3931.000,3584.000
600.510,10005.000,5741.000,4473.000,3941.000,3546.000
602.329,9913.000,5675.000,4529.000,3910.000,3495.000
604.149,9758.000,5591.000,4496.000,3868.000,3460.000
605.967,9851.000,5663.000,4530.000,3909.000,3508.000
607.787,9990.000,5816.000,4584.000,3931.000,3536.000
609.604,10016.000,5811.000,4653.000,3933.000,3579.000
611.423,10152.000,5748.000,4659.000,4086.000,3566.000
613.239,9955.000,5747.000,4636.000,3970.000,3454.000
615.055,9844.000,5720.000,4546.000,3950.000,3561.000
616.873,10028.000,5771.000,4603.000,3952.000,3507.000
618.688,10250.000,5826.000,4696.000,4012.000,3585.000
620.505,10254.000,5883.000,4693.000,4066.000,3639.000
622.320,10372.000,5905.000,4705.000,4042.000,3623.000
624.134,10223.000,5845.000,4623.000,4066.000,3629.000
625.950,9940.000,5779.000,4589.000,4000.000,3572.000
627.764,10169.000,5808.000,4572.000,3930.000,3587.000
629.579,10341.000,5885.000,4703.000,4063.000,3606.000
631.392,10305.000,5973.000,4707.000,4113.000,3664.000
633.205,10403.000,5994.000,4710.000,3957.000,3607.000
635.019,10473.000,6081.000,4788.000,4105.000,3717.000
636.831,10180.000,5841.000,4599.000,4042.000,3588.000
638.644,10262.000,5953.000,4672.000,4075.000,3599.000
640.455,10413.000,5919.000,4790.000,4094.000,3637.000
642.266,10490.000,6127.000,4818.000,4127.000,3714.000
644.078,10543.000,6169.000,4785.000,4149.000,3713.000
645.888,10592.000,6051.000,4793.000,4122.000,3722.000
647.700,10420.000,5903.000,4799.000,4111.000,3675.000
649.509,10225.000,5954.000,4764.000,4106.000,3639.000
651.318,10557.000,6027.000,4890.000,4219.000,3707.000
653.128,10591.000,6108.000,4892.000,4241.000,3743.000
654.937,10722.000,6132.000,4872.000,4221.000,3797.000
656.746,10758.000,6102.000,4971.000,4199.000,3794.000
658.554,10558.000,6210.000,4882.000,4145.000,3710.000
660.361,10515.000,6146.000,4778.000,4171.000,3632.000
662.170,10730.000,6112.000,4811.000,4182.000,3735.000
663.976,10890.000,6208.000,4900.000,4246.000,3782.000
665.784,10811.000,6213.000,4859.000,4243.000,3780.000
667.590,10988.000,6270.000,4943.000,4299.000,3781.000
669.395,10881.000,6205.000,4938.000,4206.000,3826.000
671.202,10654.000,6104.000,4845.000,4204.000,3756.000
673.006,10691.000,6111.000,4883.000,4235.000,3802.000
674.813,10924.000,6315.000,4883.000,4290.000,3846.000
676.617,10930.000,6265.000,4979.000,4294.000,3802.000
678.420,11132.000,6326.000,5046.000,4321.000,3808.000
680.225,10964.000,6287.000,5028.000,4324.000,3835.000
682.028,10971.000,6176.000,4891.000,4286.000,3778.000
683.832,11006.000,6268.000,5038.000,4275.000,3776.000
685.634,10939.000,6309.000,5058.000,4331.000,3873.000
687.436,11076.000,6389.000,5050.000,4338.000,3844.000
689.239,11092.000,6271.000,5130.000,4338.000,3915.000
691.040,11088.000,6373.000,5084.000,4390.000,3918.000
692.843,11085.000,6404.000,5078.000,4359.000,3896.000
694.643,11021.000,6313.000,4975.000,4235.000,3839.000
696.443,11010.000,6376.000,5038.000,4400.000,3842.000
698.245,11128.000,6450.000,5080.000,4359.000,3903.000
700.044,11351.000,6518.000,5130.000,4423.000,3879.000
701.845,11449.000,6537.000,5224.000,4418.000,3959.000
703.643,11314.000,6476.000,5156.000,4434.000,3920.000
705.441,11217.000,6407.000,5061.000,4423.000,3922.000
707.241,11385.000,6477.000,5161.000,4410.000,3949.000
709.038,11439.000,6570.000,5158.000,4474.000,3981.000
710.838,11482.000,6651.000,5207.000,4451.000,3965.000
712.634,11457.000,6555.000,5259.000,4484.000,3979.000
714.431,11679.000,6694.000,5259.000,4482.000,4013.000
716.228,11372.000,6523.000,5231.000,4412.000,3993.000
718.024,11457.000,6544.000,5131.000,4441.000,3870.000
719.821,11541.000,6581.000,5252.000,4536.000,4004.000
721.616,11647.000,6611.000,5270.000,4584.000,4076.000
723.411,11873.000,6738.000,5309.000,4580.000,4095.000
725.207,11758.000,6750.000,5403.000,4581.000,4095.000
727.001,11660.000,6704.000,5235.000,4485.000,3952.000
728.796,11611.000,6601.000,5246.000,4530.000,3980.000
730.589,11871.000,6738.000,5301.000,4547.000,4118.000
732.382,11886.000,6676.000,5409.000,4669.000,4133.000
734.177,11987.000,6907.000,5451.000,4670.000,4187.000
735.969,12117.000,6891.000,5510.000,4672.000,4242.000
737.762,12025.000,6856.000,5421.000,4668.000,4141.000
739.554,11896.000,6736.000,5362.000,4596.000,4034.000
741.345,12063.000,6958.000,5546.000,4616.000,4181.000
743.137,12114.000,6837.000,5423.000,4641.000,4161.000
744.928,12128.000,6812.000,5480.000,4715.000,4164.000
746.719,12287.000,7003.000,5552.000,4752.000,4270.000
748.509,12091.000,6943.000,5544.000,4663.000,4267.000
750.298,11913.000,6922.000,5432.000,4638.000,4159.000
752.089,12061.000,6878.000,5473.000,4772.000,4254.000
753.878,12131.000,6905.000,5462.000,4718.000,4178.000
755.668,12281.000,7029.000,5575.000,4755.000,4294.000
757.455,12353.000,7065.000,5644.000,4811.000,4279.000
759.243,12397.000,7152.000,5633.000,4790.000,4301.000
761.032,12258.000,6926.000,5525.000,4709.000,4218.000
762.819,12238.000,7028.000,5508.000,4757.000,4201.000
764.607,12354.000,7156.000,5626.000,4823.000,4330.000
766.393,12422.000,7089.000,5618.000,4867.000,4266.000
768.179,12597.000,7167.000,5697.000,4879.000,4358.000
769.966,12635.000,7099.000,5618.000,4842.000,4304.000
771.751,12415.000,7210.000,5673.000,4785.000,4283.000
773.538,12282.000,7078.000,5659.000,4803.000,4287.000
775.322,12386.000,7063.000,5621.000,4863.000,4294.000
777.106,12586.000,7215.000,5677.000,4856.000,4362.000
778.891,12535.000,7202.000,5697.000,4813.000,4261.000
780.674,12849.000,7217.000,5753.000,4875.000,4365.000
782.459,12715.000,7226.000,5726.000,4878.000,4353.000
784.242,12588.000,7145.000,5536.000,4869.000,4288.000
786.024,12611.000,7107.000,5663.000,4806.000,4268.000
787.808,12760.000,7213.000,5717.000,4887.000,4367.000
789.589,12725.000,7223.000,5706.000,4863.000,4363.000
791.372,12762.000,7318.000,5782.000,4924.000,4403.000
793.153,12824.000,7250.000,5778.000,4974.000,4440.000
794.933,12553.000,7256.000,5680.000,4921.000,4351.000
796.715,12621.000,7237.000,5723.000,4831.000,4345.000
798.495,12734.000,7251.000,5785.000,4973.000,4340.000
800.276,12739.000,7412.000,5826.000,5018.000,4421.000
802.055,12860.000,11008.000,5818.000,4983.000,4436.000
803.836,13079.000,7656.000,5906.000,5000.000,4502.000
805.614,12780.000,7359.000,5859.000,4934.000,4474.000
807.392,12756.000,7332.000,5758.000,4902.000,4354.000
809.171,12755.000,7294.000,5767.000,4972.000,4428.000
810.949,12867.000,7413.000,5801.000,5004.000,4489.000
812.727,12974.000,7550.000,5886.000,5020.000,4539.000
814.504,13104.000,7403.000,5838.000,5075.000,4546.000
816.280,13041.000,7438.000,5922.000,5040.000,4434.000
818.058,12854.000,7256.000,5741.000,4987.000,4408.000
819.833,12861.000,7352.000,5759.000,5002.000,4468.000
821.610,12929.000,7435.000,5885.000,5032.000,4507.000
823.385,13015.000,7441.000,5834.000,5132.000,4404.000
825.159,13038.000,7513.000,5983.000,5130.000,4507.000
826.935,13085.000,7521.000,5961.000,5135.000,4470.000
828.709,13029.000,7516.000,5849.000,5095.000,4474.000
830.484,12939.000,7328.000,5816.000,5038.000,4483.000
832.257,12965.000,7284.000,5861.000,5028.000,4432.000
834.030,13138.000,7528.000,5854.000,5006.000,4503.000
835.804,13229.000,7481.000,5970.000,5104.000,4555.000
837.576,13220.000,7540.000,5950.000,5164.000,4609.000
839.350,13143.000,7510.000,5971.000,5122.000,4531.000
841.121,13130.000,7476.000,5865.000,5033.000,4448.000
842.892,13127.000,7487.000,5916.000,5037.000,4504.000
844.665,13170.000,7508.000,5878.000,5081.000,4468.000
846.435,13230.000,7622.000,5963.000,5042.000,4545.000
848.207,13331.000,7624.000,6002.000,5152.000,4562.000
849.976,13376.000,7652.000,5944.000,5178.000,4616.000
851.745,13175.000,7564.000,5875.000,5124.000,4551.000
853.516,13073.000,7434.000,5990.000,5082.000,4540.000
855.284,13296.000,7556.000,5956.000,5025.000,4565.000
857.054,13270.000,7601.000,5929.000,5207.000,4586.000
858.822,13342.000,7638.000,6006.000,5095.000,4612.000
860.590,13418.000,7515.000,6090.000,5156.000,4667.000
862.359,13235.000,7638.000,5901.000,5163.000,4538.000
864.125,13100.000,7436.000,6008.000,5022.000,4485.000
865.894,13191.000,7496.000,5941.000,5117.000,4465.000
867.660,13297.000,7556.000,5926.000,5074.000,4570.000
869.425,13351.000,7562.000,6062.000,5206.000,4582.000
871.193,13543.000,7777.000,6035.000,5114.000,4634.000
872.958,13378.000,7576.000,6075.000,5152.000,4575.000
874.724,13224.000,7584.000,5890.000,5101.000,4544.000
876.488,13155.000,7463.000,5914.000,5093.000,4519.000
878.252,13299.000,7518.000,6038.000,5160.000,4585.000
880.018,13471.000,7653.000,5975.000,5127.000,4551.000
881.781,13389.000,7641.000,6090.000,5211.000,4681.000
883.546,13483.000,7704.000,5974.000,5266.000,4624.000
885.309,13264.000,7634.000,5972.000,5106.000,4550.000
887.071,13112.000,7517.000,5997.000,5121.000,4553.000
888.835,13250.000,7565.000,5905.000,5192.000,4570.000
890.596,13218.000,7594.000,5941.000,5052.000,4639.000
892.359,13231.000,7695.000,6029.000,5251.000,4639.000
894.120,13426.000,7627.000,6079.000,5277.000,4667.000
895.880,13306.000,7588.000,6035.000,5147.000,4582.000
897.642,13069.000,7455.000,5862.000,5112.000,4537.000
899.402,12939.000,7474.000,5895.000,5076.000,4495.000
901.164,13106.000,7468.000,5935.000,5146.000,4512.000
902.923,13118.000,7547.000,6053.000,5139.000,4482.000
904.681,13139.000,7601.000,5969.000,5130.000,4602.000
906.442,13186.000,7466.000,6018.000,5179.000,4533.000
908.200,13016.000,7433.000,5952.000,5065.000,4515.000
909.959,12748.000,7297.000,5887.000,4998.000,4528.000
911.717,12791.000,7389.000,5881.000,5020.000,4452.000
913.474,12915.000,7474.000,5874.000,5014.000,4528.000
915.232,13096.000,7534.000,5959.000,5036.000,4548.000
916.989,12838.000,7448.000,5888.000,5052.000,4513.000
918.747,12967.000,7346.000,5812.000,5107.000,4541.000
920.502,12797.000,7360.000,5725.000,4978.000,4428.000
922.257,12553.000,7276.000,5845.000,4929.000,4470.000
924.014,12873.000,7383.000,5838.000,5065.000,4488.000
925.769,12941.000,7302.000,5863.000,5080.000,4497.000
927.525,12953.000,7507.000,5838.000,5134.000,4634.000
929.279,12745.000,7348.000,5829.000,5061.000,4460.000
931.033,12838.000,7360.000,5798.000,5011.000,4439.000
932.788,12544.000,7234.000,5755.000,5083.000,4446.000
934.541,12733.000,7316.000,5723.000,4992.000,4422.000
936.295,12774.000,7388.000,5836.000,5035.000,4446.000
938.047,12984.000,7440.000,5906.000,5084.000,4434.000
939.799,12786.000,7400.000,5863.000,5082.000,4492.000
941.552,12803.000,7367.000,5819.000,5018.000,4508.000
943.304,12692.000,7322.000,5796.000,4963.000,4460.000
945.056,12605.000,7324.000,5845.000,4994.000,4356.000
946.807,12823.000,7307.000,5896.000,4986.000,4439.000
948.557,12877.000,7489.000,5884.000,5067.000,4461.000
950.309,12863.000,7464.000,5895.000,5013.000,4492.000
952.058,12711.000,7457.000,5897.000,5073.000,4471.000
953.809,12749.000,7320.000,5792.000,4995.000,4506.000
955.558,12772.000,7319.000,5726.000,5078.000,4453.000
957.306,12888.000,7247.000,5827.000,4933.000,4402.000
959.056,12805.000,7366.000,5841.000,5052.000,4458.000
960.804,12954.000,7535.000,5862.000,5112.000,4477.000
962.553,12862.000,7417.000,5879.000,5055.000,4623.000
964.300,12939.000,7411.000,5934.000,5002.000,4509.000
966.047,12793.000,7362.000,5806.000,4961.000,4463.000
967.795,12768.000,7370.000,5859.000,5018.000,4442.000
969.541,12648.000,7339.000,5844.000,4991.000,4424.000
971.289,12968.000,7387.000,5925.000,5048.000,4449.000
973.034,12907.000,7444.000,5875.000,4960.000,4446.000
974.779,12857.000,7330.000,5892.000,5035.000,4499.000
976.526,12828.000,7341.000,5881.000,4985.000,4484.000
978.270,12695.000,7399.000,5791.000,4983.000,4480.000
980.016,12728.000,7343.000,5863.000,4966.000,4486.000
981.759,12969.000,7342.000,5874.000,5080.000,4496.000
983.503,13107.000,7450.000,5887.000,5054.000,4482.000
985.248,12864.000,7397.000,5910.000,5148.000,4524.000
986.990,12995.000,7394.000,5939.000,5141.000,4543.000
988.734,12958.000,7414.000,5885.000,5045.000,4571.000
990.476,12862.000,7449.000,5816.000,4980.000,4494.000
992.218,12903.000,7371.000,5954.000,5035.000,4585.000
993.961,13120.000,7583.000,6060.000,5176.000,4675.000
995.702,13313.000,7702.000,6144.000,5207.000,4729.000
997.444,13340.000,7783.000,6218.000,5389.000,4780.000
999.184,13248.000,7899.000,6176.000,5387.000,4809.000
1000.924,13064.000,7643.000,6064.000,5198.000,4674.000
1002.666,12933.000,7437.000,5890.000,5025.000,4611.000
1004.405,13159.000,7635.000,5994.000,5154.000,4583.000
1006.146,13147.000,7668.000,6068.000,5177.000,4563.000
1007.884,13103.000,7669.000,5989.000,5152.000,4602.000
1009.622,13097.000,7559.000,5951.000,5097.000,4491.000
1011.362,13003.000,7430.000,5959.000,5115.000,4568.000
1013.100,12836.000,7324.000,5887.000,5132.000,4525.000
1014.839,13011.000,7459.000,5942.000,5000.000,4441.000
1016.575,13098.000,7618.000,6014.000,5185.000,4649.000
1018.312,12925.000,7568.000,5915.000,5160.000,4530.000
1020.050,13282.000,7557.000,6071.000,5131.000,4613.000
1021.786,13136.000,7515.000,5983.000,5080.000,4570.000
1023.523,12982.000,7461.000,5983.000,5154.000,4615.000
1025.258,12908.000,7442.000,6029.000,5054.000,4555.000
1026.993,13178.000,7630.000,6051.000,5256.000,4695.000
1028.729,13447.000,7668.000,6058.000,5291.000,4745.000
1030.463,13223.000,7601.000,6043.000,5306.000,4673.000
1032.199,13326.000,7597.000,6015.000,5191.000,4653.000
1033.932,13152.000,7570.000,6062.000,5277.000,4625.000
1035.667,12964.000,7506.000,6009.000,5206.000,4627.000
1037.400,13173.000,7573.000,6108.000,5193.000,4680.000
1039.133,13374.000,7744.000,6179.000,5244.000,4724.000
1040.867,13394.000,7719.000,6130.000,5273.000,4703.000
1042.598,13257.000,7653.000,6129.000,5211.000,4626.000
1044.332,13418.000,7642.000,6183.000,5321.000,4707.000
1046.063,13098.000,7628.000,6011.000,5173.000,4683.000
1047.793,13021.000,7464.000,5980.000,5166.000,4565.000
1049.526,13145.000,7594.000,6090.000,5258.000,4624.000
1051.256,13353.000,7720.000,6147.000,5279.000,4732.000
1052.987,13164.000,7548.000,6095.000,5188.000,4640.000
1054.717,13353.000,7671.000,6051.000,5219.000,4693.000
1056.446,13391.000,7602.000,6118.000,5264.000,4675.000
1058.176,12974.000,7380.000,5873.000,5039.000,4543.000
1059.905,13210.000,7590.000,5987.000,5170.000,4555.000
1061.634,13380.000,7816.000,6015.000,5275.000,4658.000
1063.362,13374.000,7699.000,6094.000,5225.000,4710.000
1065.089,13294.000,7654.000,6112.000,5204.000,4666.000
1066.818,13367.000,7745.000,6155.000,5275.000,4768.000
1068.545,13326.000,7656.000,6091.000,5283.000,4618.000
1070.273,13121.000,7581.000,5996.000,5148.000,4658.000
1071.999,13325.000,7804.000,6231.000,5218.000,4679.000
1073.725,13481.000,7841.000,6156.000,5356.000,4748.000
1075.452,13390.000,7783.000,6120.000,5311.000,4763.000
1077.177,13427.000,7763.000,6178.000,5229.000,4693.000
1078.904,13528.000,7769.000,6284.000,5291.000,4665.000
1080.628,13317.000,7696.000,6113.000,5242.000,4758.000
1082.352,13336.000,7686.000,6152.000,5234.000,4608.000
1084.077,13735.000,7817.000,6342.000,5376.000,4710.000
1085.801,13539.000,7862.000,6241.000,5390.000,4798.000
1087.526,13500.000,7733.000,6232.000,5299.000,4694.000
1089.248,13689.000,7871.000,6297.000,5366.000,4734.000
1090.971,13311.000,7677.000,6146.000,5211.000,4755.000
1092.694,13265.000,7664.000,6089.000,5216.000,4696.000
1094.416,13329.000,7692.000,6100.000,5289.000,4684.000
1096.139,13592.000,7846.000,6226.000,5350.000,4757.000
1097.860,13342.000,7728.000,6254.000,5316.000,4708.000
1099.581,13568.000,7866.000,6183.000,5276.000,4738.000
1101.303,13696.000,7995.000,6274.000,5414.000,4730.000
1103.023,13433.000,7788.000,6103.000,5210.000,4600.000
1104.745,13225.000,7660.000,6122.000,5203.000,4685.000
1106.464,13498.000,7818.000,6198.000,5351.000,4722.000
1108.183,13715.000,7897.000,6282.000,5463.000,4713.000
1109.903,13524.000,7794.000,6148.000,5311.000,4796.000
1111.622,13723.000,7829.000,6178.000,5254.000,4746.000
1113.341,13688.000,7967.000,6188.000,5326.000,4815.000
1115.059,13248.000,7693.000,6072.000,5211.000,4603.000
1116.776,13474.000,7697.000,6168.000,5242.000,4683.000
1118.495,13813.000,7850.000,6271.000,5328.000,4822.000
1120.212,13674.000,7779.000,6165.000,5302.000,4765.000
1121.930,13338.000,7850.000,6236.000,5303.000,4682.000
1123.646,13659.000,7936.000,6244.000,5380.000,4715.000
1125.361,13633.000,7792.000,6175.000,5240.000,4741.000
1127.079,13303.000,7649.000,6037.000,5218.000,4568.000
1128.794,13601.000,7920.000,6192.000,5317.000,4657.000
1130.510,13664.000,7865.000,6251.000,5299.000,4728.000
1132.224,13685.000,7757.000,6170.000,5226.000,4699.000
1133.938,13736.000,7917.000,6252.000,5315.000,4714.000
1135.654,13791.000,7894.000,6219.000,5344.000,4672.000
1137.367,13423.000,9393.000,6116.000,5255.000,4728.000
1139.082,13492.000,7698.000,6092.000,5244.000,4776.000
1140.795,13844.000,7920.000,6285.000,5406.000,4750.000
1142.507,13879.000,7897.000,6198.000,5365.000,4835.000
1144.221,13742.000,7832.000,6212.000,5355.000,4731.000
1145.932,13840.000,7995.000,6302.000,5355.000,4860.000
1147.645,13734.000,7813.000,6264.000,5325.000,4757.000
1149.356,13478.000,7733.000,6077.000,5291.000,4708.000
1151.067,13552.000,7807.000,6215.000,5382.000,4774.000
1152.779,13928.000,8051.000,6347.000,5510.000,4897.000
1154.489,13866.000,7982.000,6219.000,5373.000,4772.000
1156.201,13729.000,7961.000,6221.000,5354.000,4808.000
1157.910,14010.000,8063.000,6440.000,5475.000,4925.000
1159.619,13643.000,7904.000,6190.000,5350.000,4765.000
1161.330,13433.000,7787.000,6148.000,5251.000,4620.000
1163.038,13881.000,7999.000,6276.000,5408.000,4782.000
1164.748,13989.000,8019.000,6402.000,5375.000,4809.000
1166.455,13619.000,7881.000,6103.000,5330.000,4842.000
1168.163,13814.000,7972.000,6342.000,5442.000,4823.000
1169.872,14171.000,8116.000,6330.000,5483.000,4839.000
1171.578,13494.000,7787.000,6099.000,5310.000,4689.000
1173.286,13758.000,7924.000,6268.000,5340.000,4801.000
1174.992,14007.000,7986.000,6366.000,5393.000,4858.000
1176.698,13848.000,8092.000,6307.000,5414.000,4854.000
1178.405,13842.000,7925.000,6311.000,5384.000,4721.000
1180.110,14092.000,8055.000,6404.000,5500.000,4853.000
1181.817,13863.000,8080.000,6327.000,5405.000,4930.000
1183.521,13598.000,7776.000,6153.000,5341.000,4715.000
1185.225,13796.000,7927.000,6285.000,5462.000,4796.000
1186.931,14237.000,8169.000,6449.000,5556.000,5003.000
1188.634,13792.000,8027.000,6293.000,5417.000,4899.000
1190.339,14047.000,8002.000,6406.000,5532.000,4836.000
1192.042,14310.000,8201.000,6446.000,5487.000,4885.000
1193.744,13936.000,8015.000,6335.000,5466.000,4816.000
1195.448,13659.000,7837.000,6227.000,5312.000,4819.000
1197.150,14238.000,8082.000,6497.000,5588.000,4919.000
1198.853,14255.000,8291.000,6555.000,5615.000,5024.000
1200.554,13819.000,7974.000,6290.000,5503.000,4834.000
1202.256,14397.000,8265.000,6450.000,5652.000,5019.000
1203.957,14150.000,8178.000,6582.000,5533.000,5005.000
1205.657,13886.000,8035.000,6399.000,5349.000,4818.000
1207.359,13646.000,7940.000,6379.000,5501.000,4826.000
1209.058,14324.000,8434.000,6662.000,5592.000,4997.000
1210.759,14161.000,8177.000,6466.000,5607.000,4972.000
1212.458,14125.000,8197.000,6502.000,5612.000,4978.000
1214.156,14496.000,8337.000,6656.000,5771.000,5039.000
1215.856,14208.000,8192.000,7709.000,5669.000,5013.000
1217.554,13836.000,8203.000,6547.000,5578.000,4860.000
1219.253,14161.000,8288.000,6562.000,5646.000,5035.000
1220.950,14563.000,8459.000,6713.000,5741.000,5122.000
1222.647,14365.000,8278.000,6644.000,5760.000,5127.000
1224.345,14396.000,8247.000,6736.000,6091.000,5089.000
1226.041,14646.000,8480.000,6750.000,6378.000,5127.000
1227.739,14348.000,8186.000,6657.000,6238.000,5032.000
1229.434,13934.000,8131.000,6508.000,6467.000,4915.000
1231.130,14538.000,8361.000,6647.000,6492.000,5044.000
1232.826,14270.000,8383.000,6665.000,6275.000,5135.000
1234.521,14266.000,8311.000,6502.000,6092.000,5033.000
1236.217,14399.000,8217.000,6568.000,5694.000,5018.000
1237.911,14764.000,8375.000,6659.000,5763.000,5080.000
1239.604,14049.000,8100.000,6484.000,5490.000,4916.000
1241.299,14005.000,8153.000,6488.000,5598.000,4981.000
1242.992,14560.000,8476.000,6586.000,5741.000,5141.000
1244.686,14199.000,8295.000,6483.000,5550.000,4950.000
1246.379,14195.000,8306.000,6661.000,5654.000,4966.000
1248.070,14628.000,8384.000,6704.000,5731.000,5170.000
1249.764,14469.000,8327.000,6569.000,5645.000,5001.000
1251.455,13853.000,8091.000,6465.000,5534.000,4945.000
1253.148,14235.000,8210.000,6500.000,5583.000,4946.000
1254.838,14577.000,8351.000,6726.000,5685.000,5034.000
1256.529,14358.000,8292.000,6587.000,5673.000,5017.000
1258.220,14902.000,8268.000,6622.000,5640.000,5020.000
1259.910,14747.000,8443.000,6751.000,5727.000,5135.000
1261.601,14443.000,8446.000,6587.000,5648.000,5054.000
1263.290,14163.000,8172.000,6406.000,5598.000,4925.000
1264.979,14369.000,8238.000,6590.000,5665.000,5010.000
1266.669,14872.000,8463.000,6632.000,5604.000,5150.000
1268.357,14314.000,8196.000,6539.000,5592.000,4922.000
1270.046,14356.000,8364.000,6610.000,5605.000,4987.000
1271.734,14880.000,8544.000,6789.000,5734.000,5175.000
1273.421,14112.000,8135.000,6435.000,5506.000,4980.000
1275.109,14383.000,8204.000,6381.000,5517.000,4934.000
1276.795,14492.000,8385.000,6699.000,5676.000,5054.000
1278.483,14493.000,8302.000,6725.000,5671.000,5046.000
1280.169,14278.000,8179.000,6455.000,5652.000,4914.000
1281.854,14539.000,8321.000,6651.000,5745.000,5077.000
1283.541,14793.000,8433.000,6689.000,5703.000,5076.000
1285.226,14041.000,8185.000,6444.000,5569.000,4918.000
1286.912,14281.000,8282.000,6632.000,5568.000,4974.000
1288.596,14711.000,8331.000,6649.000,5755.000,5078.000
1290.280,14488.000,8367.000,6596.000,5670.000,4992.000
1291.965,14504.000,8285.000,6618.000,5543.000,5065.000
1293.648,14804.000,8430.000,6691.000,5695.000,5134.000
1295.333,14706.000,8438.000,6690.000,5726.000,5059.000
1297.015,14316.000,8267.000,6476.000,5518.000,4942.000
1298.698,14608.000,8331.000,6544.000,5642.000,5030.000
1300.381,14735.000,8542.000,6744.000,5720.000,5187.000
1302.063,14566.000,8261.000,6552.000,5611.000,5036.000
1303.746,14449.000,8475.000,6668.000,5727.000,5028.000
1305.427,14980.000,8533.000,6730.000,5822.000,5077.000
1307.107,14591.000,8339.000,6662.000,5728.000,5097.000
1308.789,14278.000,8230.000,6423.000,5582.000,5046.000
1310.469,14647.000,8380.000,6660.000,5784.000,5003.000
1312.150,14995.000,8516.000,6713.000,5853.000,5125.000
1313.830,14357.000,8274.000,6592.000,5600.000,5000.000
1315.508,14970.000,8563.000,6729.000,5796.000,5163.000
1317.189,14894.000,8554.000,6807.000,5817.000,5123.000
1318.867,14624.000,8367.000,6614.000,5696.000,4955.000
1320.547,14522.000,8387.000,6604.000,5700.000,4982.000
1322.224,14850.000,8503.000,6695.000,5822.000,5127.000
1323.902,14738.000,8572.000,6829.000,5749.000,5123.000
1325.581,14604.000,8360.000,6689.000,5626.000,5062.000
1327.257,15138.000,8640.000,6886.000,5948.000,5136.000
1328.935,14979.000,8611.000,6878.000,5823.000,5209.000
1330.611,14657.000,8462.000,6646.000,5755.000,5127.000
1332.287,14811.000,8559.000,6792.000,5699.000,5025.000
1333.964,14954.000,8604.000,6912.000,5892.000,5157.000
1335.639,15079.000,8537.000,6852.000,5813.000,5117.000
1337.316,14942.000,8565.000,6768.000,5798.000,5235.000
1338.990,15159.000,8722.000,6798.000,5887.000,5236.000
1340.664,15165.000,8785.000,6945.000,5912.000,5158.000
1342.340,14768.000,8497.000,6616.000,5760.000,5073.000
1344.013,14904.000,8538.000,6700.000,5763.000,5261.000
1345.688,15113.000,8758.000,6891.000,5847.000,5251.000
1347.361,14968.000,8709.000,6819.000,5871.000,5199.000
1349.033,15155.000,8529.000,6869.000,5861.000,5190.000
1350.707,15330.000,8772.000,6920.000,5949.000,5383.000
1352.379,15288.000,8734.000,6946.000,5923.000,5175.000
1354.053,14884.000,8482.000,6759.000,5776.000,5107.000
1355.724,15173.000,8733.000,6826.000,5828.000,5230.000
1357.395,15266.000,8732.000,6874.000,5850.000,5247.000
1359.067,15065.000,8620.000,6797.000,5861.000,5129.000
1360.737,15386.000,8822.000,6868.000,5926.000,5258.000
1362.409,15545.000,8883.000,7012.000,5980.000,5281.000
1364.078,15307.000,8659.000,6835.000,5806.000,5248.000
1365.748,15171.000,8659.000,6808.000,5818.000,5168.000
1367.418,15303.000,8793.000,6919.000,5945.000,5299.000
1369.087,15402.000,8886.000,6874.000,5958.000,5341.000
1370.757,15394.000,8762.000,6827.000,5923.000,5284.000
1372.425,15432.000,8870.000,6978.000,5991.000,5235.000
1374.093,15638.000,8939.000,7088.000,6042.000,5333.000
1375.762,15251.000,8830.000,6981.000,5948.000,5211.000
1377.429,15196.000,8771.000,6901.000,5913.000,5238.000
1379.098,15520.000,8946.000,6955.000,5987.000,5190.000
1380.764,15604.000,8868.000,7063.000,5925.000,5342.000
1382.430,15319.000,8756.000,6993.000,5925.000,5330.000
1384.098,15616.000,9051.000,7132.000,6048.000,5407.000
1385.763,15846.000,9031.000,7112.000,6099.000,5415.000
1387.430,15396.000,8794.000,6910.000,5893.000,5216.000
1389.095,15357.000,8859.000,6996.000,5918.000,5314.000
1390.759,15882.000,9001.000,7048.000,6052.000,5411.000
1392.425,15668.000,8920.000,7068.000,6072.000,5395.000
1394.089,15549.000,8918.000,7034.000,5990.000,5365.000
1395.754,16044.000,9073.000,7166.000,6183.000,5463.000
1397.418,15784.000,9006.000,7127.000,6027.000,5349.000
1399.080,15431.000,8824.000,6954.000,6013.000,5256.000
1400.745,15710.000,9029.000,7113.000,6123.000,5355.000
1402.407,15722.000,9082.000,7031.000,6078.000,5431.000
1404.071,15605.000,8954.000,7145.000,6067.000,5338.000
1405.732,15810.000,9053.000,7133.000,6093.000,5404.000
1407.394,16007.000,9196.000,7226.000,6196.000,5427.000
1409.057,15974.000,9131.000,7167.000,6161.000,5421.000
1410.717,15653.000,8889.000,7026.000,6023.000,5362.000
1412.379,15651.000,8947.000,7128.000,5938.000,5421.000
1414.039,16105.000,9093.000,7295.000,6177.000,5495.000
1415.699,15769.000,8960.000,7137.000,6055.000,5437.000
1417.360,15819.000,9026.000,7253.000,6159.000,5374.000
1419.019,15842.000,9111.000,7294.000,6117.000,5520.000
1420.680,15776.000,9003.000,7068.000,6012.000,5313.000
1422.338,15488.000,8820.000,6927.000,6039.000,5319.000
1423.996,15875.000,9066.000,7120.000,6096.000,5380.000
1425.656,15882.000,9127.000,7145.000,6148.000,5418.000
1427.314,15577.000,8946.000,7010.000,5966.000,5349.000
1428.973,15649.000,9077.000,7140.000,6108.000,5397.000
1430.629,16018.000,9199.000,7181.000,6185.000,5503.000
1432.286,15630.000,8862.000,7056.000,6015.000,5408.000
1433.944,15492.000,8910.000,7079.000,5983.000,5355.000
1435.600,15730.000,9099.000,7071.000,6111.000,5484.000
1437.257,15896.000,9150.000,7203.000,6146.000,5517.000
1438.913,15790.000,9025.000,7057.000,6130.000,5340.000
1440.569,16048.000,9144.000,7251.000,6147.000,5494.000
1442.224,16072.000,9296.000,7298.000,6348.000,5463.000
1443.878,15780.000,8959.000,7129.000,6134.000,5331.000
1445.534,15730.000,8853.000,7149.000,6092.000,5402.000
1447.188,15806.000,9021.000,7286.000,6164.000,5505.000
1448.843,15855.000,9102.000,7233.000,6160.000,5433.000
1450.496,15795.000,9055.000,7162.000,6119.000,5432.000
1452.149,15762.000,9076.000,7110.000,6139.000,5385.000
1453.803,16002.000,9109.000,7247.000,6186.000,5445.000
1455.455,15650.000,8968.000,7136.000,6007.000,5383.000
1457.109,15571.000,9008.000,7028.000,6052.000,5351.000
1458.760,15857.000,9002.000,7107.000,6068.000,5421.000
1460.412,15753.000,8824.000,7051.000,6072.000,5216.000
1462.064,15620.000,8889.000,6979.000,6075.000,5331.000
1463.715,15841.000,9014.000,7141.000,6181.000,5363.000
1465.367,15745.000,9067.000,7123.000,6006.000,5323.000
1467.017,15303.000,8870.000,7028.000,5854.000,5248.000
1468.666,15454.000,8827.000,6952.000,5818.000,5323.000
1470.317,15630.000,8896.000,7053.000,5936.000,5273.000
1471.966,15544.000,8817.000,6893.000,5927.000,5237.000
1473.617,15602.000,8914.000,7059.000,5887.000,5302.000
1475.265,15752.000,8959.000,7045.000,5986.000,5242.000
1476.913,15455.000,8966.000,6990.000,5991.000,5328.000
1478.563,15413.000,8739.000,6883.000,5872.000,5239.000
1480.210,15385.000,8783.000,6888.000,5897.000,5344.000
1481.859,15443.000,8693.000,6973.000,5987.000,5262.000
1483.506,15342.000,8849.000,7011.000,5961.000,5262.000
1485.152,15503.000,8824.000,6891.000,5964.000,5267.000
1486.800,15604.000,8843.000,7110.000,6043.000,5340.000
1488.446,15621.000,8913.000,6990.000,5993.000,5272.000
1490.093,15221.000,8766.000,6943.000,5909.000,5296.000
1491.739,15294.000,8753.000,6916.000,5956.000,5247.000
1493.384,15404.000,8813.000,6829.000,5919.000,5236.000
1495.030,15419.000,8834.000,6919.000,5958.000,5263.000
1496.674,15518.000,8776.000,6961.000,6011.000,5267.000
1498.320,15528.000,8834.000,7036.000,6022.000,5304.000
1499.964,15531.000,8834.000,7060.000,5974.000,5267.000
1501.607,15317.000,8733.000,6948.000,5869.000,5152.000
1503.252,15312.000,8743.000,6975.000,5906.000,5205.000
1504.894,15523.000,8807.000,6979.000,6010.000,5310.000
1506.539,15471.000,8872.000,7028.000,5953.000,5246.000
1508.181,15491.000,8808.000,6973.000,5932.000,5231.000
1509.823,15505.000,8841.000,7089.000,5918.000,5272.000
1511.466,15563.000,8768.000,6994.000,5980.000,5263.000
1513.107,15332.000,8728.000,7043.000,5959.000,5257.000
1514.750,15302.000,8793.000,6961.000,5982.000,5294.000
1516.390,15421.000,8787.000,7014.000,5965.000,5241.000
1518.030,15389.000,8881.000,7009.000,5979.000,5288.000
1519.672,15605.000,8918.000,7000.000,5974.000,5334.000
1521.312,15601.000,9061.000,7103.000,6019.000,5274.000
1522.953,15576.000,8848.000,6926.000,5995.000,5339.000
1524.592,15339.000,8868.000,6910.000,5939.000,5282.000
1526.230,15339.000,8733.000,6975.000,5902.000,5272.000
1527.871,15584.000,8870.000,6969.000,6011.000,5267.000
1529.509,15458.000,8874.000,6948.000,6055.000,5312.000
1531.148,15632.000,8984.000,7144.000,6062.000,5310.000
1532.786,15597.000,8917.000,7869.000,5936.000,5363.000
1534.423,15448.000,8937.000,7026.000,5879.000,5209.000
1536.061,15423.000,8929.000,6961.000,5896.000,5284.000
1537.698,15371.000,8795.000,7031.000,5950.000,5372.000
1539.336,15373.000,8861.000,7071.000,5902.000,5344.000
1540.972,15383.000,8898.000,7001.000,5966.000,5301.000
1542.607,15400.000,8991.000,6952.000,5996.000,5269.000
1544.244,15518.000,8890.000,7135.000,6029.000,5373.000
1545.879,15439.000,8901.000,6987.000,6041.000,5365.000
1547.515,15411.000,8812.000,6975.000,5970.000,5266.000
1549.150,15272.000,8715.000,7007.000,5921.000,5411.000
1550.784,15266.000,8764.000,7014.000,5963.000,5231.000
1552.419,15410.000,8991.000,7003.000,5982.000,5338.000
1554.053,15666.000,8909.000,7085.000,6009.000,5365.000
1555.688,15582.000,8940.000,7168.000,6029.000,5388.000
1557.320,15370.000,8979.000,7083.000,6100.000,5332.000
1558.953,15420.000,8979.000,7031.000,5981.000,5311.000
1560.587,15340.000,8846.000,7073.000,5947.000,5324.000
1562.219,15474.000,8794.000,7053.000,6098.000,5310.000
1563.852,15643.000,8889.000,7045.000,6046.000,5309.000
1565.483,15537.000,8877.000,7031.000,6028.000,5458.000
1567.116,15578.000,8927.000,7054.000,5983.000,5371.000
1568.746,15507.000,8834.000,7145.000,6092.000,5397.000
1570.377,15623.000,8959.000,6939.000,6017.000,5368.000
1572.008,15211.000,8873.000,7017.000,6005.000,5239.000
1573.638,15339.000,8967.000,6975.000,6055.000,5291.000
1575.269,15510.000,8835.000,7109.000,6036.000,5345.000
1576.898,15728.000,9030.000,7104.000,6075.000,5363.000
1578.527,15574.000,9005.000,7021.000,5940.000,5312.000
1580.157,15513.000,8938.000,7020.000,5981.000,5295.000
1581.785,15540.000,8997.000,6940.000,5994.000,5263.000
1583.415,15357.000,8714.000,6930.000,6022.000,5186.000
1585.043,15456.000,8876.000,7057.000,6011.000,5400.000
1586.670,15663.000,8928.000,7102.000,6069.000,5373.000
1588.299,15582.000,8987.000,7097.000,6111.000,5398.000
1589.925,15546.000,8872.000,7025.000,6062.000,5407.000
1591.553,15589.000,8902.000,7046.000,6085.000,5428.000
1593.179,15597.000,8990.000,7129.000,6054.000,5400.000
1594.805,15376.000,8929.000,7018.000,6050.000,5423.000
1596.432,15426.000,8960.000,7151.000,6089.000,5367.000
1598.057,15785.000,9162.000,7184.000,6216.000,5417.000
1599.684,16161.000,8956.000,7173.000,6068.000,5424.000
1601.308,17035.000,8897.000,7135.000,6038.000,5350.000
1602.932,15710.000,9051.000,7205.000,6075.000,5457.000
1604.558,15609.000,9027.000,7058.000,6050.000,5375.000
1606.181,15426.000,8951.000,7050.000,6025.000,5360.000
1607.806,15360.000,8734.000,6983.000,6014.000,5329.000
1609.429,15719.000,8994.000,7153.000,6005.000,5462.000
1611.052,15748.000,9051.000,7248.000,6167.000,5397.000
1612.676,15420.000,8966.000,7027.000,5992.000,5369.000
1614.298,15577.000,8982.000,7125.000,6018.000,5385.000
1615.921,15612.000,8961.000,7073.000,6094.000,5315.000
1617.543,15436.000,8886.000,7053.000,6009.000,5366.000
1619.164,15459.000,8848.000,7005.000,6027.000,5312.000
1620.786,15742.000,9031.000,7088.000,6224.000,5490.000
1622.407,15689.000,8926.000,7104.000,6145.000,5445.000
1624.029,15415.000,9006.000,7005.000,5982.000,5400.000
1625.649,15900.000,9006.000,7075.000,6176.000,5450.000
1627.268,15648.000,9006.000,7183.000,6132.000,5465.000
1628.889,15473.000,9013.000,6956.000,6094.000,5394.000
1630.508,15559.000,8883.000,7111.000,6080.000,5394.000
1632.128,15751.000,9104.000,7160.000,6128.000,5422.000
1633.747,15817.000,9163.000,7256.000,6255.000,5534.000
1635.365,15820.000,9114.000,7223.000,6210.000,5493.000
1636.984,15787.000,9104.000,7139.000,6123.000,5436.000
1638.602,15777.000,9184.000,7189.000,6256.000,5571.000
1640.221,15616.000,9092.000,7143.000,6130.000,5505.000
1641.837,15545.000,8962.000,7278.000,6199.000,5463.000
1643.454,15974.000,9323.000,7314.000,6283.000,5677.000
1645.072,16011.000,9189.000,7298.000,6251.000,5583.000
1646.688,15686.000,9107.000,7196.000,6195.000,5493.000
1648.305,15597.000,9122.000,7186.000,6187.000,5525.000
1649.920,15922.000,9168.000,7266.000,6341.000,5587.000
1651.535,15658.000,9099.000,7220.000,6158.000,5371.000
1653.152,15448.000,8914.000,7156.000,6064.000,5449.000
1654.766,15978.000,9224.000,7341.000,6252.000,5589.000
1656.382,15708.000,9111.000,7250.000,6116.000,5423.000
1657.996,15775.000,8931.000,7188.000,6189.000,5485.000
1659.609,15896.000,9133.000,7345.000,6210.000,5579.000
1661.224,15791.000,9151.000,7221.000,6215.000,5542.000
1662.837,15538.000,8978.000,7120.000,6124.000,5452.000
1664.451,15409.000,8927.000,7106.000,6060.000,5430.000
1666.063,15735.000,9256.000,7316.000,6244.000,5436.000
1667.675,16011.000,9165.000,7352.000,6230.000,5588.000
1669.289,15562.000,8996.000,7231.000,6101.000,5376.000
1670.900,15881.000,9059.000,7167.000,6122.000,5461.000
1672.513,15973.000,9120.000,7172.000,6234.000,5509.000
1674.124,15558.000,8921.000,7100.000,6055.000,5359.000
1675.734,15498.000,9127.000,7022.000,6099.000,5318.000
1677.346,15694.000,9006.000,7122.000,6105.000,5391.000
1678.956,15934.000,9153.000,7209.000,6191.000,5433.000
1680.567,15412.000,8930.000,7112.000,6000.000,5411.000
1682.176,15529.000,8938.000,7128.000,6059.000,5486.000
1683.785,16073.000,9068.000,7199.000,6284.000,5511.000
1685.395,15402.000,8941.000,7098.000,5981.000,5355.000
1687.004,15289.000,8729.000,6944.000,5926.000,5215.000
1688.613,15612.000,8997.000,7142.000,6072.000,5303.000
1690.221,15535.000,9119.000,7094.000,6084.000,5462.000
1691.829,15408.000,8964.000,6977.000,6005.000,5262.000
1693.437,15377.000,8929.000,6916.000,6041.000,5276.000
1695.044,15945.000,9097.000,7168.000,6120.000,5380.000
1696.652,15407.000,8853.000,6964.000,5932.000,5259.000
1698.259,15264.000,8731.000,6855.000,5832.000,5177.000
1699.864,15719.000,9010.000,7129.000,5968.000,5380.000
1701.472,15691.000,9012.000,7105.000,6104.000,5340.000
1703.077,15521.000,8858.000,6945.000,5942.000,5319.000
1704.684,15520.000,8826.000,6995.000,6010.000,5267.000
1706.288,15787.000,9034.000,7195.000,6060.000,5322.000
1707.893,15439.000,8888.000,7038.000,6020.000,5303.000
1709.499,15123.000,8712.000,6918.000,5920.000,5208.000
1711.102,15457.000,8959.000,7014.000,6069.000,5280.000
1712.708,15825.000,9000.000,7127.000,6146.000,5341.000
1714.311,15405.000,8788.000,7042.000,5994.000,5259.000
1715.914,15577.000,8765.000,7077.000,5927.000,5254.000
1717.518,15550.000,9035.000,7051.000,6036.000,5410.000
1719.120,15655.000,8914.000,7100.000,6005.000,5276.000
1720.724,15217.000,8699.000,6881.000,5885.000,5142.000
1722.326,15298.000,8771.000,6951.000,5883.000,5221.000
1723.927,15902.000,9211.000,7189.000,6151.000,5436.000
1725.530,15281.000,8804.000,6968.000,5876.000,5298.000
1727.131,15330.000,8792.000,7025.000,5862.000,5274.000
1728.733,15700.000,9019.000,7090.000,6072.000,5322.000
1730.333,15485.000,8803.000,6960.000,5970.000,5329.000
1731.933,15116.000,8770.000,6909.000,5912.000,5229.000
1733.534,15267.000,8843.000,6887.000,5905.000,5286.000
1735.133,15694.000,9042.000,7047.000,6010.000,5434.000
1736.734,15404.000,8807.000,6970.000,5955.000,5233.000
1738.333,15281.000,8790.000,6916.000,5986.000,5279.000
1739.931,15793.000,9015.000,7099.000,6138.000,5424.000
1741.531,15550.000,8924.000,6944.000,6012.000,5290.000
1743.129,15152.000,8753.000,6827.000,5862.000,5239.000
1744.728,15261.000,8855.000,6933.000,5895.000,5225.000
1746.325,15808.000,8930.000,7157.000,6062.000,5460.000
1747.922,15666.000,9057.000,7030.000,6018.000,5336.000
1749.520,15252.000,8889.000,7025.000,5865.000,5275.000
1751.116,15539.000,8901.000,7032.000,5992.000,5310.000
1752.714,15728.000,9004.000,7102.000,6092.000,5342.000
1754.310,15292.000,8746.000,6848.000,5787.000,5202.000
1755.905,15250.000,8819.000,6886.000,5956.000,5208.000
1757.502,15920.000,9071.000,7237.000,6089.000,5397.000
1759.097,15371.000,8893.000,7120.000,6019.000,5287.000
1760.693,15256.000,8753.000,6820.000,5887.000,5317.000
1762.287,15405.000,8831.000,6935.000,5900.000,5250.000
1763.881,15983.000,9176.000,7166.000,6047.000,5390.000
1765.476,15231.000,8599.000,6986.000,5913.000,5202.000
1767.070,14978.000,8541.000,6861.000,5829.000,5109.000
1768.664,15857.000,9000.000,7082.000,6087.000,5373.000
1770.257,15572.000,8865.000,7005.000,5967.000,5266.000
1771.849,15218.000,8800.000,6836.000,5804.000,5155.000
1773.443,15479.000,8889.000,6952.000,5993.000,5236.000
1775.035,15587.000,8905.000,7110.000,6040.000,5394.000
1776.628,15181.000,8885.000,6945.000,5850.000,5238.000
1778.219,15165.000,8535.000,6787.000,5832.000,5125.000
1779.810,15482.000,9017.000,7060.000,5943.000,5319.000
1781.403,15566.000,8990.000,7132.000,5974.000,5411.000
1782.993,15271.000,8706.000,6889.000,5832.000,5248.000
1784.585,15444.000,8903.000,6970.000,5868.000,5246.000
1786.174,15619.000,8964.000,7070.000,6052.000,5401.000
1787.764,15513.000,8742.000,7062.000,5951.000,5301.000
1789.355,15081.000,8714.000,6868.000,5758.000,5219.000
1790.944,15472.000,8746.000,6977.000,5907.000,5212.000
1792.534,15717.000,8935.000,7106.000,6036.000,5356.000
1794.122,15351.000,8851.000,6905.000,5926.000,5214.000
1795.710,15154.000,8635.000,6840.000,5883.000,5186.000
1797.299,15787.000,9010.000,7182.000,6043.000,5372.000
1798.887,15465.000,8973.000,7005.000,5850.000,5354.000
1800.475,14959.000,8492.000,6733.000,5736.000,5135.000
1802.062,15384.000,8789.000,6930.000,5940.000,5316.000
1803.649,15594.000,8949.000,7041.000,6094.000,5399.000
1805.236,15424.000,8864.000,6939.000,5899.000,5339.000
1806.822,15210.000,8704.000,6897.000,5815.000,5283.000
1808.410,15768.000,9008.000,7059.000,6101.000,5431.000
1809.995,15613.000,8897.000,7107.000,6048.000,5375.000
1811.582,15023.000,8675.000,6826.000,5780.000,5163.000
1813.166,15359.000,8822.000,7026.000,5976.000,5304.000
1814.751,15901.000,9084.000,7150.000,6117.000,5455.000
1816.336,15531.000,8807.000,7065.000,5970.000,5237.000
1817.920,15200.000,8782.000,6906.000,5852.000,5197.000
1819.505,15751.000,8940.000,7092.000,6018.000,5359.000
1821.089,15828.000,9119.000,7194.000,6083.000,5408.000
1822.671,15243.000,8778.000,6966.000,5904.000,5209.000
1824.256,15291.000,8772.000,6907.000,5950.000,5215.000
1825.838,15868.000,9033.000,7244.000,5989.000,5449.000
1827.422,15777.000,9085.000,7173.000,6125.000,5365.000
1829.004,15394.000,8840.000,7031.000,5950.000,5190.000
1830.585,15675.000,8951.000,7082.000,6039.000,5392.000
1832.168,15672.000,9136.000,7274.000,6129.000,5423.000
1833.749,15329.000,8824.000,6975.000,5994.000,5291.000
1835.331,15130.000,8737.000,6874.000,5923.000,5226.000
1836.911,15716.000,9097.000,7125.000,6100.000,5408.000
1838.491,16129.000,9225.000,7287.000,6187.000,5406.000
1840.072,15164.000,8610.000,6766.000,5926.000,5242.000
1841.652,15529.000,8896.000,7038.000,6085.000,5300.000
1843.233,15900.000,9123.000,7258.000,6132.000,5505.000
1844.811,15574.000,8874.000,7018.000,6047.000,5286.000
1846.390,15116.000,8771.000,6918.000,5898.000,5202.000
1847.970,15697.000,8976.000,7051.000,6040.000,5313.000
1849.548,15999.000,9086.000,7140.000,6163.000,5524.000
1851.127,15397.000,8839.000,6896.000,5965.000,5267.000
1852.704,15562.000,8888.000,7084.000,5937.000,5371.000
1854.281,16346.000,9201.000,7229.000,6231.000,5524.000
1855.860,15771.000,9060.000,7127.000,6080.000,5384.000
1857.436,15313.000,8804.000,6989.000,5885.000,5296.000
1859.014,15493.000,8914.000,7086.000,6114.000,5339.000
1860.590,15972.000,9115.000,7174.000,6193.000,5536.000
1862.165,15879.000,9132.000,7057.000,6066.000,5305.000
1863.742,15554.000,8830.000,7017.000,6015.000,5351.000
1865.317,15841.000,9158.000,7169.000,6176.000,5384.000
1866.894,16129.000,9116.000,7295.000,6245.000,5547.000
1868.468,15399.000,8944.000,7030.000,5899.000,5255.000
1870.042,15718.000,8890.000,7066.000,5990.000,5315.000
1871.617,16119.000,9285.000,7339.000,6222.000,5440.000
1873.191,15766.000,9052.000,7125.000,6070.000,5386.000
1874.766,15486.000,9009.000,7060.000,5992.000,5304.000
1876.339,15822.000,9043.000,7214.000,6108.000,5355.000
1877.911,16200.000,9227.000,7322.000,6283.000,5560.000
1879.485,15712.000,8959.000,7064.000,5968.000,5392.000
1881.057,15259.000,8845.000,7001.000,5889.000,5226.000
1882.631,16065.000,9265.000,7243.000,6238.000,5554.000
1884.202,16073.000,9114.000,7239.000,6192.000,5399.000
1885.773,15667.000,8904.000,7054.000,6120.000,5339.000
1887.346,15859.000,9089.000,7143.000,6153.000,5481.000
1888.917,16099.000,9238.000,7259.000,6219.000,5487.000
1890.489,15718.000,9050.000,7158.000,6088.000,5386.000
1892.058,15573.000,8922.000,7043.000,5969.000,5321.000
1893.628,15939.000,9188.000,7255.000,6193.000,5451.000
1895.199,16352.000,9311.000,7351.000,6260.000,5603.000
1896.768,15827.000,9175.000,7164.000,6090.000,5461.000
1898.339,15734.000,9196.000,7201.000,6126.000,5414.000
1899.907,16331.000,9360.000,7377.000,6332.000,5534.000
1901.476,16097.000,9355.000,7393.000,6245.000,5488.000
1903.045,15774.000,9032.000,7041.000,6117.000,5391.000
1904.613,16007.000,9150.000,7160.000,6073.000,5467.000
1906.182,16447.000,9339.000,7257.000,6407.000,5600.000
1907.749,16219.000,9304.000,7303.000,6264.000,5451.000
1909.316,15692.000,8968.000,7110.000,6071.000,5447.000
1910.884,16377.000,9418.000,7336.000,6273.000,5564.000
1912.450,16493.000,9469.000,7486.000,6356.000,5595.000
1914.018,15733.000,8978.000,7136.000,6091.000,5359.000
1915.583,15847.000,9181.000,7242.000,6200.000,5540.000
1917.149,16461.000,9540.000,7491.000,6362.000,5642.000
1918.716,16344.000,9424.000,7418.000,6303.000,5684.000
1920.280,15797.000,9042.000,7259.000,6186.000,5400.000
1921.846,16240.000,9329.000,7314.000,6233.000,5580.000
1923.411,16940.000,9616.000,7539.000,6388.000,5750.000
1924.974,16004.000,9233.000,7251.000,6163.000,5508.000
1926.540,15957.000,9207.000,7291.000,6178.000,5542.000
1928.103,16592.000,9497.000,7534.000,6322.000,5662.000
1929.668,16549.000,9634.000,7481.000,6399.000,5651.000
1931.230,16230.000,9269.000,7310.000,6207.000,5586.000
1932.793,16396.000,9484.000,7381.000,6344.000,5635.000
1934.357,16735.000,9628.000,7627.000,6401.000,5709.000
1935.919,16696.000,9662.000,7552.000,6422.000,5648.000
1937.482,16024.000,9315.000,7441.000,6279.000,5563.000
1939.043,16319.000,9418.000,7369.000,6351.000,5614.000
1940.606,16898.000,9736.000,7622.000,6583.000,5777.000
1942.166,16540.000,9563.000,7550.000,6355.000,5632.000
1943.727,16498.000,9401.000,7467.000,6378.000,5572.000
1945.289,16937.000,9655.000,7643.000,6494.000,5732.000
1946.848,16867.000,9790.000,7720.000,6515.000,5797.000
1948.410,16457.000,9512.000,7373.000,6391.000,5658.000
1949.969,16353.000,9372.000,7494.000,6331.000,5576.000
1951.528,17140.000,9812.000,7738.000,6633.000,5812.000
1953.088,17103.000,9721.000,7654.000,6490.000,5815.000
1954.647,16381.000,9380.000,7512.000,6328.000,5657.000
1956.206,17058.000,9645.000,7733.000,6440.000,5716.000
1957.764,17122.000,9854.000,7737.000,6584.000,5823.000
1959.322,16856.000,9509.000,7483.000,6474.000,5744.000
1960.881,16672.000,9515.000,7497.000,6389.000,5717.000
1962.438,17034.000,9805.000,7716.000,6595.000,5866.000
1963.996,17222.000,9853.000,7747.000,6659.000,5949.000
1965.552,16771.000,9539.000,7608.000,6477.000,5737.000
1967.108,16879.000,9776.000,7726.000,6560.000,5856.000
1968.666,17461.000,9969.000,7924.000,6687.000,5963.000
1970.221,17318.000,9753.000,7735.000,6674.000,5771.000
1971.778,16828.000,9625.000,7556.000,6576.000,5729.000
1973.333,16985.000,9789.000,7738.000,6607.000,5828.000
1974.888,17518.000,9906.000,7897.000,6712.000,5975.000
1976.444,16985.000,9829.000,7837.000,6586.000,5997.000
1977.998,17037.000,9768.000,7709.000,6595.000,5773.000
1979.553,17267.000,10074.000,7854.000,6684.000,5878.000
1981.107,17623.000,10091.000,7891.000,6810.000,6006.000
1982.660,16926.000,9709.000,7731.000,6658.000,5911.000
1984.215,17044.000,9868.000,7713.000,6571.000,5947.000
1985.767,17572.000,10046.000,7921.000,6774.000,5985.000
1987.321,17491.000,9966.000,7918.000,6766.000,5955.000
1988.873,17141.000,9839.000,7741.000,6618.000,5971.000
1990.425,17407.000,9897.000,7894.000,6731.000,5923.000
1991.978,17679.000,10142.000,8070.000,6858.000,6120.000
1993.529,17477.000,9821.000,7839.000,6657.000,5988.000
1995.082,16808.000,9710.000,7705.000,6585.000,5831.000
1996.633,17639.000,10048.000,8033.000,6841.000,6096.000
1998.183,17663.000,10072.000,7963.000,6821.000,6107.000
1999.735,17335.000,9941.000,7841.000,6640.000,5832.000
2001.284,17517.000,9943.000,7990.000,6675.000,6057.000
2002.836,17547.000,10171.000,7989.000,6885.000,6133.000
2004.385,17316.000,10053.000,7929.000,6803.000,6089.000
2005.934,17151.000,9812.000,7791.000,6699.000,5982.000
2007.484,17495.000,10111.000,7979.000,6790.000,6158.000
2009.032,17835.000,10210.000,8193.000,6897.000,6223.000
2010.582,17379.000,10123.000,7985.000,6760.000,6073.000
2012.130,17304.000,9816.000,7951.000,6838.000,6003.000
2013.677,17612.000,10240.000,8149.000,6938.000,6117.000
2015.226,17623.000,10117.000,8151.000,6924.000,6169.000
2016.773,17182.000,9968.000,7981.000,6800.000,6055.000
2018.321,17250.000,9981.000,7933.000,6827.000,6058.000
2019.868,17679.000,10114.000,8122.000,6960.000,6110.000
2021.414,17597.000,10151.000,8113.000,6961.000,6180.000
2022.961,17139.000,9942.000,7936.000,6888.000,6108.000
2024.506,17427.000,10006.000,8072.000,6844.000,6236.000
2026.053,17842.000,10290.000,8307.000,7044.000,6397.000
2027.598,17331.000,10149.000,7998.000,6980.000,6903.000
